ITEM TYPE FILLED CENTERX CENTERY BITPAN HEIGHT WIDTH ANGLE OUTER INNER -R- -G- -B- C A ------FILENAME------
 -4   14      1    0.00    0.00      0   0.50  0.50  0.00              255 255 255 x
 -3   14      1    0.00    0.00      0   0.50  0.50  0.00               75  75  75 x
 -2    1      1    0.00    0.00      0   0.20  0.20  0.00  0.50         10  10  10 x
 -1    1      0    0.00    0.00      0   1.00  1.00  0.00              200 200 200 x
  0    1      1    0.00    0.00      0   0.15  0.15  0.00              150 150 150 x
  1    1      1   -12.0   -8.00      0   0.30  0.30  0.00  0.50        150 150 150 x
  2    1      1   -12.0   -8.00      0   0.30  0.30  0.00  0.50        150 150 150 x
  3    1      1   -12.0   -8.00      0   0.30  0.30  0.00  0.50        175 175 130 x
  4    1      1   -12.0   -4.00      0   0.30  0.30  0.00  0.50        150 150 150 x
  5    1      1   -12.0   -4.00      0   0.30  0.30  0.00  0.50        150 150 150 x
  6    1      1   -12.0   -4.00      0   0.30  0.30  0.00  0.50        175 175 130 x
  7    1      1   -12.0    0.00      0   0.30  0.30  0.00  0.50        150 150 150 x
  8    1      1   -12.0    0.00      0   0.30  0.30  0.00  0.50        150 150 150 x
  9    1      1   -12.0    0.00      0   0.30  0.30  0.00  0.50        175 175 130 x
 10    1      1   -12.0    4.00      0   0.30  0.30  0.00  0.50        150 150 150 x
 11    1      1   -12.0    4.00      0   0.30  0.30  0.00  0.50        150 150 150 x
 12    1      1   -12.0    4.00      0   0.30  0.30  0.00  0.50        175 175 130 x
 13    1      1   -12.0    8.00      0   0.30  0.30  0.00  0.50        150 150 150 x
 14    1      1   -12.0    8.00      0   0.30  0.30  0.00  0.50        150 150 150 x
 15    1      1   -12.0    8.00      0   0.30  0.30  0.00  0.50        175 175 130 x
 16    1      1   -6.00   -8.00      0   0.30  0.30  0.00  0.50        150 150 150 x
 17    1      1   -6.00   -8.00      0   0.30  0.30  0.00  0.50        150 150 150 x
 18    1      1   -6.00   -8.00      0   0.30  0.30  0.00  0.50        175 175 130 x
 19    1      1   -6.00   -4.00      0   0.30  0.30  0.00  0.50        150 150 150 x
 20    1      1   -6.00   -4.00      0   0.30  0.30  0.00  0.50        150 150 150 x
 21    1      1   -6.00   -4.00      0   0.30  0.30  0.00  0.50        175 175 130 x
 22    1      1   -6.00    0.00      0   0.30  0.30  0.00  0.50        150 150 150 x
 23    1      1   -6.00    0.00      0   0.30  0.30  0.00  0.50        150 150 150 x
 24    1      1   -6.00    0.00      0   0.30  0.30  0.00  0.50        175 175 130 x
 25    1      1   -6.00    4.00      0   0.30  0.30  0.00  0.50        150 150 150 x
 26    1      1   -6.00    4.00      0   0.30  0.30  0.00  0.50        150 150 150 x
 27    1      1   -6.00    4.00      0   0.30  0.30  0.00  0.50        175 175 130 x
 28    1      1   -6.00    8.00      0   0.30  0.30  0.00  0.50        150 150 150 x
 29    1      1   -6.00    8.00      0   0.30  0.30  0.00  0.50        150 150 150 x
 30    1      1   -6.00    8.00      0   0.30  0.30  0.00  0.50        175 175 130 x
 31    1      1    0.00   -8.00      0   0.30  0.30  0.00  0.50        150 150 150 x
 32    1      1    0.00   -8.00      0   0.30  0.30  0.00  0.50        150 150 150 x
 33    1      1    0.00   -8.00      0   0.30  0.30  0.00  0.50        175 175 130 x
 34    1      1    0.00   -4.00      0   0.30  0.30  0.00  0.50        150 150 150 x
 35    1      1    0.00   -4.00      0   0.30  0.30  0.00  0.50        150 150 150 x
 36    1      1    0.00   -4.00      0   0.30  0.30  0.00  0.50        175 175 130 x
 37    1      1    0.00    0.00      0   0.30  0.30  0.00  0.50        150 150 150 x
 38    1      1    0.00    0.00      0   0.30  0.30  0.00  0.50        150 150 150 x
 39    1      1    0.00    0.00      0   0.30  0.30  0.00  0.50        175 175 130 x
 40    1      1    0.00    4.00      0   0.30  0.30  0.00  0.50        150 150 150 x
 41    1      1    0.00    4.00      0   0.30  0.30  0.00  0.50        150 150 150 x
 42    1      1    0.00    4.00      0   0.30  0.30  0.00  0.50        175 175 130 x
 43    1      1    0.00    8.00      0   0.30  0.30  0.00  0.50        150 150 150 x
 44    1      1    0.00    8.00      0   0.30  0.30  0.00  0.50        150 150 150 x
 45    1      1    0.00    8.00      0   0.30  0.30  0.00  0.50        175 175 130 x
 46    1      1    6.00   -8.00      0   0.30  0.30  0.00  0.50        150 150 150 x
 47    1      1    6.00   -8.00      0   0.30  0.30  0.00  0.50        150 150 150 x
 48    1      1    6.00   -8.00      0   0.30  0.30  0.00  0.50        175 175 130 x
 49    1      1    6.00   -4.00      0   0.30  0.30  0.00  0.50        150 150 150 x
 50    1      1    6.00   -4.00      0   0.30  0.30  0.00  0.50        150 150 150 x
 51    1      1    6.00   -4.00      0   0.30  0.30  0.00  0.50        175 175 130 x
 52    1      1    6.00    0.00      0   0.30  0.30  0.00  0.50        150 150 150 x
 53    1      1    6.00    0.00      0   0.30  0.30  0.00  0.50        150 150 150 x
 54    1      1    6.00    0.00      0   0.30  0.30  0.00  0.50        175 175 130 x
 55    1      1    6.00    4.00      0   0.30  0.30  0.00  0.50        150 150 150 x
 56    1      1    6.00    4.00      0   0.30  0.30  0.00  0.50        150 150 150 x
 57    1      1    6.00    4.00      0   0.30  0.30  0.00  0.50        175 175 130 x
 58    1      1    6.00    8.00      0   0.30  0.30  0.00  0.50        150 150 150 x
 59    1      1    6.00    8.00      0   0.30  0.30  0.00  0.50        150 150 150 x
 60    1      1    6.00    8.00      0   0.30  0.30  0.00  0.50        175 175 130 x
 61    1      1    12.0   -8.00      0   0.30  0.30  0.00  0.50        150 150 150 x
 62    1      1    12.0   -8.00      0   0.30  0.30  0.00  0.50        150 150 150 x
 63    1      1    12.0   -8.00      0   0.30  0.30  0.00  0.50        175 175 130 x
 64    1      1    12.0   -4.00      0   0.30  0.30  0.00  0.50        150 150 150 x
 65    1      1    12.0   -4.00      0   0.30  0.30  0.00  0.50        150 150 150 x
 66    1      1    12.0   -4.00      0   0.30  0.30  0.00  0.50        175 175 130 x
 67    1      1    12.0    0.00      0   0.30  0.30  0.00  0.50        150 150 150 x
 68    1      1    12.0    0.00      0   0.30  0.30  0.00  0.50        150 150 150 x
 69    1      1    12.0    0.00      0   0.30  0.30  0.00  0.50        175 175 130 x
 70    1      1    12.0    4.00      0   0.30  0.30  0.00  0.50        150 150 150 x
 71    1      1    12.0    4.00      0   0.30  0.30  0.00  0.50        150 150 150 x
 72    1      1    12.0    4.00      0   0.30  0.30  0.00  0.50        175 175 130 x
 73    1      1    12.0    8.00      0   0.30  0.30  0.00  0.50        150 150 150 x
 74    1      1    12.0    8.00      0   0.30  0.30  0.00  0.50        150 150 150 x
 75    1      1    12.0    8.00      0   0.30  0.30  0.00  0.50        175 175 130 x
 76    8           0.00    0.00      0                                  75  75  75 x   C:\LSQ99\S99I01.bmp
 77    8           0.00    0.00      0                                  75  75  75 x   C:\LSQ99\S99I02.bmp
 78    8           0.00    0.00      0                                  75  75  75 x   C:\LSQ99\S99I03.bmp
 79    8           0.00    0.00      0                                  75  75  75 x   C:\LSQ99\S99I04.bmp
 80    8           0.00    0.00      0                                  75  75  75 x   C:\LSQ99\S99I05.bmp
 81    8           0.00    0.00      0                                  75  75  75 x   C:\LSQ99\S99I06.bmp
 82    8           0.00    0.00      0                                  75  75  75 x   C:\LSQ99\S99I07.bmp
 83    8           0.00    0.00      0                                  75  75  75 x   C:\LSQ99\S99I08.bmp
 84    8           0.00    0.00      0                                  75  75  75 x   C:\LSQ99\S99I09.bmp
 85    8           0.00    0.00      0                                  75  75  75 x   C:\LSQ99\S99I10.bmp
 86    8           0.00    0.00      0                                  75  75  75 x   C:\LSQ99\S99I11.bmp
 87    8           0.00    0.00      0                                  75  75  75 x   C:\LSQ99\S99I12.bmp
 88    8           0.00    0.00      0                                  75  75  75 x   C:\LSQ99\S99I13.bmp
 89    8           0.00    0.00      0                                  75  75  75 x   C:\LSQ99\S99I14.bmp
 90    8           0.00    0.00      0                                  75  75  75 x   C:\LSQ99\S99I15.bmp
 91    8           0.00    0.00      0                                  75  75  75 x   C:\LSQ99\S99I16.bmp
 92    8           0.00    0.00      0                                  75  75  75 x   C:\LSQ99\S99I17.bmp
 93    8           0.00    0.00      0                                  75  75  75 x   C:\LSQ99\S99I18.bmp
 94    8           0.00    0.00      0                                  75  75  75 x   C:\LSQ99\S99I19.bmp
 95    8           0.00    0.00      0                                  75  75  75 x   C:\LSQ99\S99I20.bmp
 96    8           0.00    0.00      0                                  75  75  75 x   C:\LSQ99\S99I21.bmp
 97    8           0.00    0.00      0                                  75  75  75 x   C:\LSQ99\S99I22.bmp
 98    8           0.00    0.00      0                                  75  75  75 x   C:\LSQ99\S99I23.bmp
 99    8           0.00    0.00      0                                  75  75  75 x   C:\LSQ99\S99I24.bmp
100    8           0.00    0.00      0                                  75  75  75 x   C:\LSQ99\S99I25.bmp
101    8           0.00    0.00      0                                  75  75  75 x   C:\LSQ99\S99I26.bmp
102    8           0.00    0.00      0                                  75  75  75 x   C:\LSQ99\S99I27.bmp
103    8           0.00    0.00      0                                  75  75  75 x   C:\LSQ99\S99I28.bmp
104    8           0.00    0.00      0                                  75  75  75 x   C:\LSQ99\S99I29.bmp
105    8           0.00    0.00      0                                  75  75  75 x   C:\LSQ99\S99I30.bmp
106    8           0.00    0.00      0                                  75  75  75 x   C:\LSQ99\S99I31.bmp
107    8           0.00    0.00      0                                  75  75  75 x   C:\LSQ99\S99I32.bmp
108    8           0.00    0.00      0                                  75  75  75 x   C:\LSQ99\S99I33.bmp
109    8           0.00    0.00      0                                  75  75  75 x   C:\LSQ99\S99I34.bmp
110    8           0.00    0.00      0                                  75  75  75 x   C:\LSQ99\S99I35.bmp
111    8           0.00    0.00      0                                  75  75  75 x   C:\LSQ99\S99I36.bmp
112    8           0.00    0.00      0                                  75  75  75 x   C:\LSQ99\S99I37.bmp
113    8           0.00    0.00      0                                  75  75  75 x   C:\LSQ99\S99I38.bmp
114    8           0.00    0.00      0                                  75  75  75 x   C:\LSQ99\S99I39.bmp
115    8           0.00    0.00      0                                  75  75  75 x   C:\LSQ99\S99I40.bmp
116    8           0.00    0.00      0                                  75  75  75 x   C:\LSQ99\S99I41.bmp
117    8           0.00    0.00      0                                  75  75  75 x   C:\LSQ99\S99I42.bmp
118    8           0.00    0.00      0                                  75  75  75 x   C:\LSQ99\S99I43.bmp
119    8           0.00    0.00      0                                  75  75  75 x   C:\LSQ99\S99I44.bmp
120    8           0.00    0.00      0                                  75  75  75 x   C:\LSQ99\S99I45.bmp
121    8           0.00    0.00      0                                  75  75  75 x   C:\LSQ99\S99I46.bmp
122    8           0.00    0.00      0                                  75  75  75 x   C:\LSQ99\S99I47.bmp
123    8           0.00    0.00      0                                  75  75  75 x   C:\LSQ99\S99I48.bmp
124    8           0.00    0.00      0                                  75  75  75 x   C:\LSQ99\S99I49.bmp
125    8           0.00    0.00      0                                  75  75  75 x   C:\LSQ99\S99I50.bmp
126    8           0.00    0.00      0                                  75  75  75 x   C:\LSQ99\S99I51.bmp
127    8           0.00    0.00      0                                  75  75  75 x   C:\LSQ99\S99I52.bmp
128    8           0.00    0.00      0                                  75  75  75 x   C:\LSQ99\S99I53.bmp
129    8           0.00    0.00      0                                  75  75  75 x   C:\LSQ99\S99I54.bmp
130    8           0.00    0.00      0                                  75  75  75 x   C:\LSQ99\S99I55.bmp
131    8           0.00    0.00      0                                  75  75  75 x   C:\LSQ99\S99I56.bmp
132    8           0.00    0.00      0                                  75  75  75 x   C:\LSQ99\S99I57.bmp
133    8           0.00    0.00      0                                  75  75  75 x   C:\LSQ99\S99I58.bmp
134    8           0.00    0.00      0                                  75  75  75 x   C:\LSQ99\S99I59.bmp
135    8           0.00    0.00      0                                  75  75  75 x   C:\LSQ99\S99I60.bmp
136    8           0.00    0.00      0                                  75  75  75 x   C:\LSQ99\S99I61.bmp
137    8           0.00    0.00      0                                  75  75  75 x   C:\LSQ99\S99I62.bmp
138    8           0.00    0.00      0                                  75  75  75 x   C:\LSQ99\S99I63.bmp
139    8           0.00    0.00      0                                  75  75  75 x   C:\LSQ99\S99I64.bmp
140    8           0.00    0.00      0                                  75  75  75 x   C:\LSQ99\S99I65.bmp
141    8           0.00    0.00      0                                  75  75  75 x   C:\LSQ99\S99I66.bmp
142    8           0.00    0.00      0                                  75  75  75 x   C:\LSQ99\S99I67.bmp
143    8           0.00    0.00      0                                  75  75  75 x   C:\LSQ99\S99I68.bmp
144    8           0.00    0.00      0                                  75  75  75 x   C:\LSQ99\S99I69.bmp
145    8           0.00    0.00      0                                  75  75  75 x   C:\LSQ99\S99I70.bmp
146    8           0.00    0.00      0                                  75  75  75 x   C:\LSQ99\S99I71.bmp
147    8           0.00    0.00      0                                  75  75  75 x   C:\LSQ99\S99I72.bmp
